m Scriptores de 11111 naq-uuis.

tum 11 (111111111111111111111 11111111 11111111, C
111111110111111111111111111,111111111111 O
111ιιι 1111111 111111111111 111111111· 1111111111, 111
111111 11 maximopere 111111111111111113111111111.
111 0111111111 11110111111111111 111111111,1111
11111 11111111 11 11111111 1 111111 1111111111111111
111 1111111111111] 111111111111111111111111
101111111111 111 11111111111111111111
maiori 1 111. 11011111111111111
11111111011111111 1111111111111111111111,
11111111 1111111111 01 111. 1111111111111 1111
11111111 1111 ι, 111 1111 11111 ο1111111111111111
que 1111 ιιιι 11111111 1111111111111111,
ebenum 1111 ι 110111111. Dnumq
11 1111111111 111 om. 111111111111111111
111 111111111111111 ι 11111111111111111111111111
1111Ὡὲ1 tf? ,1 1111111111ἒῖ
1111111111111111 1 11111111111111111 11111
1111111111111 1 11111111,11111111111111111
11111111 1 111111 1111111111 111111,1111.
11 111111111, 111111111111111111 1111111111
111011111,1111111111111111111. Pet 111111
11111111111111111111 11111101111111 11111111
111111]111,111111111111 11111111111111111111111111
negem ιοιι 1111111 11,11111111111 1111111111
1111111 1.ι,·ι111 111, 1111111111111111111111111111
1111111111101111 111111111111110111ι11111
111 1111111111 Η1 11111111 1111011111 11111
11111111, 11111111111111111111111111111 1111111111

11111111111111111111 11111111 nqwumm
11111111. 111111111111. Quo 111111111111111
11111111 1111111 111111111111111110111111
1111111111 1111111111 mmmmm&

111111111111 .ι 111 1119111111,
cuncontuzeree , ,14111111

 

